{
    "dac_voltages": {
        "atto_x": 1.6087516087516087, 
        "atto_y": 1.2522361359570662, 
        "atto_z": 1.6087516087516087, 
        "gate": 4.0, 
        "green_aom": 1.735447227352553, 
        "matisse_aom": 0, 
        "newfocus_aom": 0, 
        "newfocus_frq": -2.0
    }, 
    "execdir": "D:\\measuring\\qtlab"
}